912101A
912105A
915011A
915206A
917107A
919003A
919005A
919201A
919309A
922101B
925001A
926002A
G9030001
G9030124
G9030250
G9070142
003303A
A0020101
A0030501
G0010005
G0050115
G0060005
401009
401012
401013
401015
401016
401017
401203
401208
401210
401212
401215
401216
401217
401220
402204
402206
402213
402217
403200
403205
403213
403214
403217
403221
403222
403223
403224
403226
403230
403232
403233
404204
404207
405205
405209
405212
405214
405215
405217
405218
405219
405226
405227
405228
405229
405230
405231
405234
405237
405238
405240
405241
405245
405246
405248
405251
405263
405264
405274
406208
406213
406214
406224
406226
406235
406250
407211
407213
407214
407215
407217
407220
407221
407230
407239
407246
407253
408200
408202
408206
410024
410026
410033
410038
410044
410047
410057
410061
410062
410088
410091
410141
410156
410705
410713
410730
410731
410734
410761
411003
412028
412029
412050
412066
415201
415206
415207
415220
415223
415226
415237
415238
415245
416003
416008
416010
416016
416020
416023
416032
418005
418014
418015
418017
418021
418025
418027
418032
419005
419010
419016
419029
419035
419054
420003
420017
421018
421026
421042
421048
421050
421055
424002
403209A
422202B
422306A
422313B
422319B
422321B
422334A
422338A
422394A
424201A
A4260533
102101A
104001A
105101A
105102A
105105A
107001B
108002A
108003A
111005A
111007A
112002A
112101B
112102A
113004A
114001A
116006B
116010A
116011A
116012A
116013A
116014A
116015A
117002A
117003A
118106A
119003A
120102A
120301B
120304A
121001A
121002A
121003A
122004A
124002A
125005A
126003A
129001A
130004A
130302A
130324A
130403A
130410A
130413A
132001A
135002A
135004A
136006A
136202D
136203A
136208A
136304A
137101A
137201A
138004B
138009A
138010A
138110A
138113A
138903A
140002A
141008A
143007A
143009A
143107A
143110A
143209B
143303A
145010A
145011A
145018A
145101D
145102B
145107A
146010A
146012A
146014A
146095A
710003
710229
701002
701007
701009
704139
704193
705001
707002
707005
708011
709010
A5030502
A5040517
A5040523
A5050517
A5060500
A5070500
A5070503
A5090503
A5130501
201001
203005
203010
203030
204002
204007
204014
204017
204025
204030
204034
204036
204037
204039
204041
204046
204051
204056
204906
206009
206014
206018
206025
207004
207013
207014
207015
208003
208004
208005
208007
208009
208011
208015
208024
208026
209002
209003
210006
210011
210014
210016
210017
210022
210031
210040
210052
211008
211009
211013
211014
212040
212209
212260
215002
215004
215207
216002
216004
216009
218001
218005
218007
218008
219001
219003
219006
219017
219022
220003
221002
221201
221207
221208
221209
221210
221211
221212
222004
222016
222202
222206
222210
222213
222217
223202
223204
223205
224201
224203
224206
224213
224214
225201
225209
225213
225218
225219
225221
225223
225224
226023
226204
226205
226209
226218
226220
226222
226226
226402
226407
226410
227200
227202
227205
227210
227211
227213
227219
227225
227226
227227
227231
227236
227237
230205
230209
230210
231211
231213
231225
231231
232214
232215
233214
233223
234200
234201
234203
234209
235202
235203
235204
235205
235209
235210
235211
235219
235224
235227
235233
235234
235237
236202
236203
236204
236205
236209
236210
236212
236213
236216
237200
237202
237205
237206
237207
238204
238208
238219
238223
238229
238230
238231
238235
225020A
225110A
229650A
229661A
A2390519
A2390523
A2390531
602004
603003
603004
603005
603007
603136
603190
604001
604053
605012
606001
606002
606185
606195
607003
607004
607007
607013
607144
607155
607220
608002
608151
609002
609005
609010
609018
610001
610008
611004
611111
612001
612014
612025
612034
612230
613002
613146
614006
614037
614044
614196
614224
616001
616002
616006
616013
616019
616041
616065
616178
616216
617002
617003
802055
804001
809310
809315
809316
809321
809322
G8110004
G8110016
G8140001
G8140008
G8140011
G8140040
G8140063
G8140067
G8140161
G8150010
G8150018
G8150098
G8150180
G8170002
G8190001
G8200045
G8210010
302200
302208
302214
303203
304040
304497
304499
305202
306119
307473
308145
308799
312061
314207
314212
314213
314214
315450
316624
317200
318076
318150
318181
318191
318311
319204
